[app/ui]
version = 8.2.2.1
modtime = 1633523838.312474000

[app/launcher]
version = 8.2.2.1
modtime = 1633523838.313665000
